-758.8654247013209 382.38677020244916
-758.8654275824952 382.38677017151326
-758.3363503877895 382.38677014212413
-757.2473539981006 382.3867701142044
-755.6264343731775 382.3867700876808
-753.5001876747823 382.3867700624834
-750.8938802565883 382.3867700385458
-747.8315151545856 382.38677001580504
-744.3358952529645 382.3867699942014
-740.428683291706 382.386769973678
-736.1304588737918 382.38676995418075
-731.460772622055 382.3867699356583
-726.4381976281862 382.386769918062
-721.0803783292926 382.38676990134553
-715.4040769406249 382.38676988546484
-709.4252175666722 382.38676987037815
-703.1589281066986 382.38676985604576
-696.6195800650053 382.38676984243006
-689.820826370678 382.38676982949505
-682.7756373063485 382.3867698172068
-675.4963346405173 382.38676980553305
-667.9946240532588 382.38676979444296
-660.2816259406449 382.3867697839073
-652.3679046789431 382.38676977389844
-644.263496425608 382.3867697643901
-635.9779355302211 382.38676975535725
-627.5202796248851 382.38676974677605
-618.8991334600973 382.3867697386238
-610.1226715488305 382.38676973087917
-601.1986596784084 382.3867697235217
-592.1344753467889 382.3867697165322
-582.9371271770319 382.3867697098922
-573.6132733610444 382.38676970358404
-564.1692391811379 382.38676969759143
-554.611033655508 382.3867696918984
-544.944365351441 382.38676968649
-535.1746574078591 382.386769681352
-525.3070618067376 382.38676967647103
-515.3464729309536 382.38676967183403
-505.2975404442403 382.38676966742884
-495.1646815271442 382.386769663244
-484.9520925011843 382.38676965926834
-474.663759871804 382.38676965549143
-464.30347081917427 382.3867696519034
-453.8748231644575 382.3867696484949
-443.3812348377581 382.3867696452568
-432.8259528726751 382.3867696421805
-422.21206195112774 382.3867696392581
-411.5424925209392 382.3867696364818
-400.82002850754174 382.38676963384427
-390.0473146400956 382.38676963133867
-379.2268634113032 382.3867696289583
-368.36106168923203 382.38676962669695
-357.45217699854584 382.3867696245486
-346.5023634876755 382.38676962250776
-335.51366759763005 382.38676962056894
-324.48803344736854 382.386769618727
-313.4273079499015 382.3867696169771
-302.3332456725893 382.38676961531473
-291.2075134544242 382.38676961373557
-280.0516947924489 382.3867696122353
-268.8672940088539 382.3867696108101
-257.65574020972014 382.3867696094562
-246.41839104582448 382.38676960816997
-235.1565362854051 382.38676960694806
-223.87140120828826 382.3867696057872
-212.56414983030865 382.3867696046844
-201.23588796650955 382.3867696036367
-189.8876661411819 382.3867696026415
-178.52048235240213 382.386769601696
-167.13528469834284 382.3867696007978
-155.73297387226802 382.38676959994444
-144.3144055327785 382.3867695991338
-132.8803925555449 382.38676959836374
-121.43170717245445 382.38676959763205
-109.96908300380005 382.38676959693703
-98.49321698885986 382.3867695962768
-87.00477121994818 382.3867695956495
-75.50437468476358 382.3867695950536
-63.99262492161974 382.38676959448753
-52.470089591914565 382.3867695939498
-40.937307973976154 382.3867695934389
-29.39479238221616 382.3867695929535
-17.84302951532565 382.3867695924923
-6.282481737061168 382.38676959205424
5.286411707008591 382.38676959163814
16.863233533593366 382.38676959124274
28.447587323567408 382.3867695908671
40.039096478761245 382.38676959051037
51.6374032309139 382.3867695901713
63.24216770017741 382.3867695898493
74.85306700069627 382.38676958954335
86.4697943909077 382.38676958925276
98.09205846632703 382.38676958897673
109.71958239269391 382.38676958871446
121.35210317746095 382.3867695884653
132.98937097770815 382.3867695882286
144.63114844266144 382.3867695880035
156.2772100890856 382.3867695877898
167.92734170790706 382.38676958758685
179.58133980050596 382.38676958739404
191.23901104319336 382.3867695872109
202.9001717784649 382.3867695870369
214.56464753169143 382.3867695868715
226.23227255197517 382.3867695867144
237.90288937596316 382.38676958656526
249.57634841347024 382.3867695864235
261.2525075538205 382.3867695862889
272.9312317918718 382.386769586161
284.61239287273895 382.3867695860395
296.2958689542813 382.38676958592407
307.981544286465 382.38676958581465
319.669308906758 382.38676958571034
331.3590583507549 382.3867695856114
343.05069337727036 382.38676958551736
354.74411970717847 382.386769585428
366.43924777530987 382.38676958534313
378.13599249475317 382.3867695852625
389.83427303294275 382.38676958518596
401.53401259894144 382.3867695851132
413.2351382413587 382.3867695850441
424.93758065637354 382.3867695849784
436.6412740053562 382.38676958491607
448.3461557416082 382.38676958485684
460.0521664457661 382.38676958480056
471.75924966943455 382.3867695847471
483.4673517866381 382.3867695846963
495.1764218527 382.38676958464805
506.8864114701773 382.3867695846022
518.5972746614993 382.38676958455864
530.3089677479736 382.3867695845173
542.021449234843 382.386769584478
553.7346797020872 382.3867695844406
565.4486217006876 382.38676958440504
577.1632396540764 382.38676958437134
588.8784997645142 382.38676958433933
600.5943699241489 382.3867695843089
612.3108196305204 382.38676958428005
624.0278199062918 382.38676958425265
635.745343222993 382.38676958422656
647.4633634285776 382.3867695842018
659.1818556786014 382.38676958417824
670.9007963708426 382.3867695841559
682.6201630831903 382.38676958413464
694.3399345146391 382.38676958411446
706.0600904292342 382.3867695840953
717.7806116028178 382.3867695840771