0.0 0.0 0.0 0.0 0.0 0.0
0.0 0.0 0.0 0.0 0.0 0.0
0.0 0.0 0.0 0.0 0.0 0.0
0.0 0.0 0.0 0.0 0.0 0.0
0.0 0.0 0.0 0.0 0.0 0.0
0.0 0.0 0.0 0.0 0.0 0.0
0.0 0.0 0.0 0.0 0.0 0.0
0.0 0.0 0.0 0.0 0.0 0.0
0.0 0.0 0.0 0.0 0.0 0.0
0.0 0.0 0.0 0.0 0.0 0.0
0.0 0.0 0.0 0.0 0.0 0.0
0.0 0.0 0.0 0.0 0.0 0.0
0.0 0.0 0.0 0.0 0.0 0.0
0.0 0.0 0.0 0.0 0.0 0.0
0.0 0.0 0.0 0.0 0.0 0.0
0.0 0.0 0.0 0.0 0.0 0.0
0.0 0.0 0.0 0.0 0.0 0.0
0.0 0.0 0.0 0.0 0.0 0.0
0.0 0.0 0.0 0.0 0.0 0.0
0.0 0.0 0.0 0.0 0.0 0.0
0.0 0.0 0.0 0.0 0.0 0.0
0.0 0.0 0.0 0.0 0.0 0.0
0.0 0.0 0.0 0.0 0.0 0.0
0.0 0.0 0.0 0.0 0.0 0.0
0.0 0.0 0.0 0.0 0.0 0.0
0.0 0.0 0.0 0.0 0.0 0.0
0.0 0.0 0.0 0.0 0.0 0.0
0.0 0.0 0.0 0.0 0.0 0.0
0.0 0.0 0.0 0.0 0.0 0.0
0.0 0.0 0.0 0.0 0.0 0.0
0.0 0.0 0.0 0.0 0.0 0.0
0.0 0.0 0.0 0.0 -0.17591191641555248 -0.1709999999999999
0.0 0.0 0.0 0.0 -0.3518238328311045 -0.1709999999999999
0.0 0.0 0.0 0.0 -0.527735749246657 -0.1709999999999999
0.0 0.0 0.0 0.0 -0.7036476656622095 -0.1709999999999999
0.0 0.0 0.0 0.0 -0.879559582077762 -0.1709999999999999
0.0 0.0 0.0 0.0 -1.055471498493314 -0.1709999999999999
0.0 0.0 0.0 0.0 -1.2313834149088667 -0.1709999999999999
0.0 0.0 0.0 0.0 -1.4072953313244192 -0.1709999999999999
0.0 0.0 0.0 0.0 -1.5832072477399717 -0.1709999999999999
0.0 0.0 0.0 0.0 -1.7591191641555242 -0.1709999999999999
0.0 0.0 0.0 0.0 -1.9350310805710766 -0.1709999999999999
0.0 0.0 0.0 0.0 -2.1109429969866293 -0.1709999999999999
0.0 0.0 0.0 0.0 -2.2868549134021814 -0.1709999999999999
0.0 0.0 0.0 0.0 -2.4627668298177334 -0.1709999999999999
0.0 0.0 0.0 0.0 -2.6386787462332855 -0.1709999999999999
0.0 0.0 0.0 0.0 -2.8145906626488375 -0.1709999999999999
0.0 0.0 0.0 0.0 -2.9905025790643895 -0.1709999999999999
0.0 0.0 0.0 0.0 3.116770811699645 -0.1709999999999999
0.0 0.0 0.0 0.0 2.9408588952840926 -0.1709999999999999
0.0 0.0 0.0 0.0 2.76494697886854 -0.1709999999999999
0.0 0.0 0.0 0.0 2.5890350624529885 -0.1709999999999999
0.0 0.0 0.0 0.0 2.413123146037437 -0.1709999999999999
0.0 0.0 0.0 0.0 2.2372112296218845 -0.1709999999999999
0.0 0.0 0.0 0.0 2.061299313206333 -0.1709999999999999
0.0 0.0 0.0 0.0 1.8853873967907813 -0.1709999999999999
0.0 0.0 0.0 0.0 1.7094754803752297 -0.1709999999999999
0.0 0.0 0.0 0.0 1.533563563959678 -0.1709999999999999
0.0 0.0 0.0 0.0 1.3576516475441265 -0.1709999999999999
0.0 0.0 0.0 0.0 1.1817397311285749 -0.1709999999999999
0.0 0.0 0.0 0.0 1.0058278147130233 -0.1709999999999999
0.0 0.0 0.0 0.0 0.8299158982974717 -0.1709999999999999
0.0 0.0 0.0 0.0 0.6540039818819201 -0.1709999999999999
0.0 0.0 0.0 0.0 0.4780920654663685 -0.1709999999999999
0.0 0.0 0.0 0.0 0.3021801490508169 -0.1709999999999999
0.0 0.0 0.0 0.0 0.12626823263526532 -0.1709999999999999
0.0 0.0 0.0 0.0 -0.049643683780286274 -0.1709999999999999
0.0 0.0 0.0 0.0 -0.22555560019583787 -0.1709999999999999
0.0 0.0 0.0 0.0 -0.40146751661138946 -0.1709999999999999
0.0 0.0 0.0 0.0 -0.5773794330269411 -0.1709999999999999
0.0 0.0 0.0 0.0 -0.7532913494424927 -0.1709999999999999
0.0 0.0 0.0 0.0 -0.9292032658580442 -0.1709999999999999
0.0 0.0 0.0 0.0 -1.1051151822735958 -0.1709999999999999
0.0 0.0 0.0 0.0 -1.2810270986891474 -0.1709999999999999
0.0 0.0 0.0 0.0 -1.456939015104699 -0.1709999999999999
0.0 0.0 0.0 0.0 -1.6328509315202506 -0.1709999999999999
0.0 0.0 0.0 0.0 -1.8087628479358013 -0.1709999999999999
0.0 0.0 0.0 0.0 -1.9846747643513538 -0.1709999999999999
0.0 0.0 0.0 0.0 -2.1605866807669063 -0.1709999999999999
0.0 0.0 0.0 0.0 -2.336498597182459 -0.1709999999999999
0.0 0.0 0.0 0.0 -2.5124105135980113 -0.1709999999999999
0.0 0.0 0.0 0.0 -2.6883224300135637 -0.1709999999999999
0.0 0.0 0.0 0.0 -2.8642343464291162 -0.1709999999999999
0.0 0.0 0.0 0.0 -3.0401462628446687 -0.1709999999999999
0.0 0.0 0.0 0.0 3.067127127919365 -0.1709999999999999
0.0 0.0 0.0 0.0 2.8912152115038126 -0.1709999999999999
0.0 0.0 0.0 0.0 2.71530329508826 -0.1709999999999999
0.0 0.0 0.0 0.0 2.5393913786727076 -0.1709999999999999
0.0 0.0 0.0 0.0 2.363479462257155 -0.1709999999999999
0.0 0.0 0.0 0.0 2.1875675458416026 -0.1709999999999999
0.0 0.0 0.0 0.0 2.01165562942605 -0.1709999999999999
0.0 0.0 0.0 0.0 1.8357437130104977 -0.1709999999999999
0.0 0.0 0.0 0.0 1.6598317965949452 -0.1709999999999999
0.0 0.0 0.0 0.0 1.4839198801793927 -0.1709999999999999
0.0 0.0 0.0 0.0 1.3080079637638402 -0.1709999999999999
0.0 0.0 0.0 0.0 1.1320960473482877 -0.1709999999999999
0.0 0.0 0.0 0.0 0.9561841309327352 -0.1709999999999999
0.0 0.0 0.0 0.0 0.7802722145171828 -0.1709999999999999
0.0 0.0 0.0 0.0 0.6043602981016303 -0.1709999999999999
0.0 0.0 0.0 0.0 0.4284483816860778 -0.1709999999999999
0.0 0.0 0.0 0.0 0.2525364652705253 -0.1709999999999999
0.0 0.0 0.0 0.0 0.07662454885497283 -0.1709999999999999
0.0 0.0 0.0 0.0 -0.09928736756057965 -0.1709999999999999
0.0 0.0 0.0 0.0 -0.09928736756057965 0.0
0.0 0.0 0.0 0.0 -0.09928736756057965 0.0
0.0 0.0 0.0 0.0 -0.09928736756057965 0.0
0.0 0.0 0.0 0.0 -0.09928736756057965 0.0
0.0 0.0 0.0 0.0 -0.09928736756057965 0.0
0.0 0.0 0.0 0.0 -0.09928736756057965 0.0
0.0 0.0 0.0 0.0 -0.09928736756057965 0.0
0.0 0.0 0.0 0.0 -0.09928736756057965 0.0
0.0 0.0 0.0 0.0 -0.09928736756057965 0.0
0.0 0.0 0.0 0.0 -0.09928736756057965 0.0
0.0 0.0 0.0 0.0 -0.09928736756057965 0.0
0.0 0.0 0.0 0.0 -0.09928736756057965 0.0
0.0 0.0 0.0 0.0 -0.09928736756057965 0.0
0.0 0.0 0.0 0.0 -0.09928736756057965 0.0
0.0 0.0 0.0 0.0 -0.09928736756057965 0.0
0.0 0.0 0.0 0.0 -0.09928736756057965 0.0
0.0 0.0 0.0 0.0 -0.09928736756057965 0.0
0.0 0.0 0.0 0.0 -0.09928736756057965 0.0
0.0 0.0 0.0 0.0 -0.09928736756057965 0.0
0.0 0.0 0.0 0.0 -0.09928736756057965 0.0
0.0 0.0 0.0 0.0 -0.09928736756057965 0.0
0.0 0.0 0.0 0.0 -0.09928736756057965 0.0
0.0 0.0 0.0 0.0 -0.09928736756057965 0.0
0.0 0.0 0.0 0.0 -0.09928736756057965 0.0
0.0 0.0 0.0 0.0 -0.09928736756057965 0.0
0.0 0.0 0.0 0.0 -0.09928736756057965 0.0
0.0 0.0 0.0 0.0 -0.09928736756057965 0.0
0.0 0.0 0.0 0.0 0.07662454885497283 0.1709999999999999
0.0 0.0 0.0 0.0 0.2525364652705253 0.1709999999999999
0.0 0.0 0.0 0.0 0.4284483816860778 0.1709999999999999
0.0 0.0 0.0 0.0 0.6043602981016303 0.1709999999999999
0.0 0.0 0.0 0.0 0.7802722145171828 0.1709999999999999
0.0 0.0 0.0 0.0 0.9561841309327352 0.1709999999999999
0.0 0.0 0.0 0.0 1.1320960473482877 0.1709999999999999
0.0 0.0 0.0 0.0 1.3080079637638402 0.1709999999999999
0.0 0.0 0.0 0.0 1.4839198801793927 0.1709999999999999
0.0 0.0 0.0 0.0 1.6598317965949452 0.1709999999999999
0.0 0.0 0.0 0.0 1.8357437130104977 0.1709999999999999
0.0 0.0 0.0 0.0 2.01165562942605 0.1709999999999999
0.0 0.0 0.0 0.0 2.1875675458416026 0.1709999999999999
0.0 0.0 0.0 0.0 2.363479462257155 0.1709999999999999
0.0 0.0 0.0 0.0 2.5393913786727076 0.1709999999999999
0.0 0.0 0.0 0.0 2.71530329508826 0.1709999999999999
0.0 0.0 0.0 0.0 2.8912152115038126 0.1709999999999999
0.0 0.0 0.0 0.0 3.067127127919365 0.1709999999999999
0.0 0.0 0.0 0.0 -3.0401462628446687 0.1709999999999999
0.0 0.0 0.0 0.0 -2.8642343464291162 0.1709999999999999
0.0 0.0 0.0 0.0 -2.6883224300135637 0.1709999999999999
0.0 0.0 0.0 0.0 -2.5124105135980113 0.1709999999999999
0.0 0.0 0.0 0.0 -2.336498597182459 0.1709999999999999
0.0 0.0 0.0 0.0 -2.1605866807669063 0.1709999999999999
0.0 0.0 0.0 0.0 -1.9846747643513538 0.1709999999999999
0.0 0.0 0.0 0.0 -1.8087628479358013 0.1709999999999999
0.0 0.0 0.0 0.0 -1.632850931520248 0.1709999999999999
0.0 0.0 0.0 0.0 -1.4569390151046964 0.1709999999999999
0.0 0.0 0.0 0.0 -1.2810270986891448 0.1709999999999999
0.0 0.0 0.0 0.0 -1.1051151822735932 0.1709999999999999
0.0 0.0 0.0 0.0 -0.9292032658580416 0.1709999999999999
0.0 0.0 0.0 0.0 -0.75329134944249 0.1709999999999999
0.0 0.0 0.0 0.0 -0.5773794330269384 0.1709999999999999
0.0 0.0 0.0 0.0 -0.4014675166113868 0.1709999999999999
0.0 0.0 0.0 0.0 -0.2255556001958352 0.1709999999999999
0.0 0.0 0.0 0.0 -0.04964368378028361 0.1709999999999999
0.0 0.0 0.0 0.0 0.12626823263526799 0.1709999999999999
0.0 0.0 0.0 0.0 0.3021801490508196 0.1709999999999999
0.0 0.0 0.0 0.0 0.4780920654663712 0.1709999999999999
0.0 0.0 0.0 0.0 0.6540039818819228 0.1709999999999999
0.0 0.0 0.0 0.0 0.8299158982974744 0.1709999999999999
0.0 0.0 0.0 0.0 1.005827814713026 0.1709999999999999
0.0 0.0 0.0 0.0 1.1817397311285776 0.1709999999999999
0.0 0.0 0.0 0.0 1.3576516475441291 0.1709999999999999
0.0 0.0 0.0 0.0 1.5335635639596807 0.1709999999999999
0.0 0.0 0.0 0.0 1.7094754803752323 0.1709999999999999
0.0 0.0 0.0 0.0 1.885387396790784 0.1709999999999999
0.0 0.0 0.0 0.0 2.0612993132063355 0.1709999999999999
0.0 0.0 0.0 0.0 2.237211229621887 0.1709999999999999
0.0 0.0 0.0 0.0 2.4131231460374387 0.1709999999999999
0.0 0.0 0.0 0.0 2.589035062452991 0.1709999999999999
0.0 0.0 0.0 0.0 2.7649469788685437 0.1709999999999999
0.0 0.0 0.0 0.0 2.9408588952840953 0.1709999999999999
0.0 0.0 0.0 0.0 3.116770811699647 0.1709999999999999
0.0 0.0 0.0 0.0 -2.990502579064387 0.1709999999999999
0.0 0.0 0.0 0.0 -2.814590662648835 0.1709999999999999
0.0 0.0 0.0 0.0 -2.638678746233283 0.1709999999999999
0.0 0.0 0.0 0.0 -2.4627668298177308 0.1709999999999999
0.0 0.0 0.0 0.0 -2.2868549134021787 0.1709999999999999
0.0 0.0 0.0 0.0 -2.1109429969866267 0.1709999999999999
0.0 0.0 0.0 0.0 -1.9350310805710746 0.1709999999999999
0.0 0.0 0.0 0.0 -1.7591191641555222 0.1709999999999999
0.0 0.0 0.0 0.0 -1.5832072477399697 0.1709999999999999
0.0 0.0 0.0 0.0 -1.4072953313244172 0.1709999999999999
0.0 0.0 0.0 0.0 -1.2313834149088647 0.1709999999999999
0.0 0.0 0.0 0.0 -1.0554714984933122 0.1709999999999999
0.0 0.0 0.0 0.0 -0.8795595820777597 0.1709999999999999
0.0 0.0 0.0 0.0 -0.7036476656622073 0.1709999999999999
0.0 0.0 0.0 0.0 -0.5277357492466548 0.1709999999999999
0.0 0.0 0.0 0.0 -0.3518238328311023 0.1709999999999999
0.0 0.0 0.0 0.0 -0.17591191641554982 0.1709999999999999
0.0 0.0 0.0 0.0 2.220446049250313e-15 0.1709999999999999
0.0 0.0 0.0 0.0 0.1759119164155547 0.1709999999999999
0.0 0.0 0.0 0.0 0.3518238328311072 0.1709999999999999
0.0 0.0 0.0 0.0 0.5277357492466592 0.1709999999999999
0.0 0.0 0.0 0.0 0.5277357492466592 0.0
0.0 0.0 0.0 0.0 0.5277357492466592 0.0
0.0 0.0 0.0 0.0 0.5277357492466592 0.0
0.0 0.0 0.0 0.0 0.5277357492466592 0.0
0.0 0.0 0.0 0.0 0.35182383283110674 -0.1709999999999999
0.0 0.0 0.0 0.0 0.1759119164155547 -0.1709999999999999
0.0 0.0 0.0 0.0 2.220446049250313e-15 -0.1709999999999999
0.0 0.0 0.0 0.0 -0.17591191641555026 -0.1709999999999999
0.0 0.0 0.0 0.0 -0.3518238328311023 -0.1709999999999999
0.0 0.0 0.0 0.0 -0.5277357492466548 -0.1709999999999999
0.0 0.0 0.0 0.0 -0.7036476656622073 -0.1709999999999999
0.0 0.0 0.0 0.0 -0.8795595820777597 -0.1709999999999999
0.0 0.0 0.0 0.0 -1.0554714984933122 -0.1709999999999999
0.0 0.0 0.0 0.0 -1.2313834149088645 -0.1709999999999999
0.0 0.0 0.0 0.0 -1.407295331324417 -0.1709999999999999
0.0 0.0 0.0 0.0 -1.5832072477399695 -0.1709999999999999
0.0 0.0 0.0 0.0 -1.759119164155522 -0.1709999999999999
0.0 0.0 0.0 0.0 -1.9350310805710744 -0.1709999999999999
0.0 0.0 0.0 0.0 -2.110942996986627 -0.1709999999999999
0.0 0.0 0.0 0.0 -2.286854913402179 -0.1709999999999999
0.0 0.0 0.0 0.0 -2.462766829817731 -0.1709999999999999
0.0 0.0 0.0 0.0 -2.6386787462332832 -0.1709999999999999
0.0 0.0 0.0 0.0 -2.8145906626488353 -0.1709999999999999
0.0 0.0 0.0 0.0 -2.9905025790643873 -0.1709999999999999
0.0 0.0 0.0 0.0 3.116770811699647 -0.1709999999999999
0.0 0.0 0.0 0.0 2.9408588952840944 -0.1709999999999999
0.0 0.0 0.0 0.0 2.764946978868543 -0.1709999999999999
0.0 0.0 0.0 0.0 2.589035062452991 -0.1709999999999999
0.0 0.0 0.0 0.0 2.4131231460374387 -0.1709999999999999
0.0 0.0 0.0 0.0 2.2372112296218862 -0.1709999999999999
0.0 0.0 0.0 0.0 2.0612993132063346 -0.1709999999999999
0.0 0.0 0.0 0.0 1.885387396790783 -0.1709999999999999
0.0 0.0 0.0 0.0 1.7094754803752314 -0.1709999999999999
0.0 0.0 0.0 0.0 1.5335635639596799 -0.1709999999999999
0.0 0.0 0.0 0.0 1.3576516475441283 -0.1709999999999999
0.0 0.0 0.0 0.0 1.1817397311285767 -0.1709999999999999
0.0 0.0 0.0 0.0 1.005827814713025 -0.1709999999999999
0.0 0.0 0.0 0.0 0.8299158982974735 -0.1709999999999999
0.0 0.0 0.0 0.0 0.6540039818819219 -0.1709999999999999
0.0 0.0 0.0 0.0 0.4780920654663703 -0.1709999999999999
0.0 0.0 0.0 0.0 0.4780920654663703 0.0
0.0 0.0 0.0 0.0 0.4780920654663703 0.0
0.0 0.0 0.0 0.0 0.4780920654663703 0.0
0.0 0.0 0.0 0.0 0.4780920654663703 0.0
0.0 0.0 0.0 0.0 0.4780920654663703 0.0
0.0 0.0 0.0 0.0 0.4780920654663703 0.0
0.0 0.0 0.0 0.0 0.4780920654663703 0.0
0.0 0.0 0.0 0.0 0.4780920654663703 0.0
0.0 0.0 0.0 0.0 0.4780920654663703 0.0
0.0 0.0 0.0 0.0 0.4780920654663703 0.0
